//Start Top Right Man: Memory Address 0
//Start Row 1
00000000
00000000
00000000
00000000
00000000
00000000
00011100
00011100

00011100
00011100
00011100
00011100
00011100
00011100
00011100
00011100

00011100
00011100
00000000
00000000
00000000
00000000
00000000
00000000
//End Row 1
//Start Row 2
00000000
00000000
00000000
00000000
00000000
00000000
00011100
00011100

00011100
00011100
00011100
00011100
00011100
00011100
00011100
00011100

00011100
00011100
00000000
00000000
00000000
00000000
00000000
00000000
//End Row 2
//Start row 3
00000000
00000000
00000000
00000000
00000000
00000000
00011100
00011100

00011100
00011100
00011100
00011100
00011100
00011100
00011100
00011100

00011100
00011100
00000000
00000000
00000000
00000000
00000000
00000000
//End Row 3
//Start Row 4
00000000
00000000
00000000
00000000
00000000
00000000
00011100
00011100

00011100
00011100
00011100
00011100
00011100
00011100
00011100
00011100

00011100
00011100
00000000
00000000
00000000
00000000
00000000
00000000
//End Row 4
//Start Row 5
00000000
00000000
00000000
00011100
00011100
00011100
00000011
00000011

00000011
00011100
00011100
00011100
00011100
00011100
00011100
00000011

00000011
00000011
00011100
00011100
00011100
00000000
00000000
00000000
//End Row 5
//Start Row 6
00000000
00000000
00000000
00011100
00011100
00011100
00000011
00000011

00000011
00011100
00011100
00011100
00011100
00011100
00011100
00000011

00000011
00000011
00011100
00011100
00011100
00000000
00000000
00000000
//End Row 6
//Start Row 7
00000000
00000000
00000000
00011100
00011100
00011100
00011100
00011100

00000011
00011100
00011100
00011100
00011100
00011100
00011100
00000011

00000011
00000011
00011100
00011100
00011100
00000000
00000000
00000000
//End Row 7
//Start Row 8
00000000
00000000
00000000
00011100
00011100
00011100
00011100
00011100

00011100
11100000
11111111
11100000
11100000
11111111
11100000
00011100

00011100
00011100
00011100
00011100
00011100
00000000
00000000
00000000
//End Row 8
//End Top
//Start Center Right Man: Memory Address 192
//Start Row 1
00000000
00000000
00000000
00000000
00000000
00000000
00011100
00011100

00011100
11100000
11100000
11100000
11100000
11100000
11100000
00011100

00011100
00011100
00000000
00000000
00000000
00000000
00000000
00000000
//End Row 1
//Start Row 2
00000000
00000000
00000000
00000000
00000000
00000000
00011100
00011100

00011100
11100000
11100000
11100000
11100000
11100000
11100000
00011100

00011100
00011100
00000000
00000000
00000000
00000000
00000000
00000000
//End Row 2
//Start Row 3
00000000
00000000
00000000
00000000
00000000
00000000
00011100
00011100

00011100
11100000
11100000
11100000
11100000
11100000
11100000
00011100

00011100
00011100
00000000
00000000
00000000
00000000
00000000
00000000
//End Row 3
//Start Row 4
00000000
00000000
00000000
00000000
00000000
00000000
00000000
00000000

00011100
00011100
00011100
00011100
00011100
00011100
00011100
00011100

00000000
00000000
00000000
00000000
00000000
00000000
00000000
00000000
//End Row 4
//STart Row 5
00000000
00000000
00000000
00000000
00000000
00000000
00000000
00000000

00000000
00011100
00011100
00011100
00011100
00011100
00011100
00000000

00000000
00000000
00000000
00000000
00000000
00000000
00000000
00000000
//End Row 5
//Start Row 6
00000000
00000000
00000000
00000000
00000000
00000000
00000000
00000000

00000000
00011100
00011100
00011100
00011100
00011100
00011100
00000000

00000000
00000000
00000000
00000000
00000000
00000000
00000000
00000000
//End Row 6
//Start Row 7
00011100
00011100
00011100
00011100
00011100
00011100
00011100
00011100

00011100
00011100
00011100
00011100
00011100
00011100
00011100
00000000

11111111
11111111
11111111
11111111
11111111
11111111
11111111
11111111
//End Row 7
//Start Row 8
00011100
00011100
00011100
00011100
00011100
00011100
00011100
00011100

00011100
00011100
00011100
00011100
00011100
00011100
00011100
00000000

11111111
11111111
11111111
11111111
11111111
11111111
11111111
11111111
//End Row 8
//Start Bottom Right Man: Memory Address 384
//Start Row 1
00011100
00011100
00011100
00011100
00011100
00011100
00011100
00011100

00011100
00011100
00011100
00011100
00011100
00011100
00011100
00000000

00000000
00000000
00000000
00000000
00000000
00000000
00000000
00000000
//End Row 1
//Start Row 2
00000000
00000000
00000000
00000000
00000000
00000000
00000000
00000000

00000000
00011100
00011100
00011100
00011100
00011100
00011100
00000000

00000000
00000000
00000000
00000000
00000000
00000000
00000000
00000000
//End Row 2
//Start Row 3
00000000
00000000
00000000
00000000
00000000
00000000
00000000
00000000

00000000
00011100
00011100
00011100
00011100
00011100
00011100
00000000

00000000
00000000
00000000
00000000
00000000
00000000
00000000
00000000
//End Row 3
//Start Row 4
00000000
00000000
00000000
00000000
00000000
00000000
00000000
00000000

00000000
00011100
00011100
00011100
00011100
00011100
00011100
00000000

00000000
00000000
00000000
00000000
00000000
00000000
00000000
00000000
//End Row 4
//Start Row 5
00000000
00000000
00000000
00000000
00000000
00000000
00000000
00000000

00000000
00011100
00011100
00011100
00011100
00011100
00011100
00000000

00000000
00000000
00000000
00000000
00000000
00000000
00000000
00000000
//End Row 5
//Start Row 6
00000000
00000000
00000000
00000000
00000000
00000000
00000000
00000000


00000000
00011100
00011100
00011100
00011100
00011100
00011100
00000000

00000000
00000000
00000000
00000000
00000000
00000000
00000000
00000000
//End Row 6
//Start Row 7
00000000
00000000
00000000
00000000
00000000
00000000
00000000
00000000

00000000
00011100
00011100
00011100
00011100
00011100
00011100
00000000

00000000
00000000
00000000
00000000
00000000
00000000
00000000
00000000
//End Row 7
//Start Row 8
00000000
00000000
00011100
00011100
00011100
00011100
00011100
00011100

00011100
00000000
00000000
00000000
00000000
00000000
00000000
00011100

00011100
00011100
00011100
00011100
00011100
00000000
00000000
00000000
//End Row 8
//End Bottom Right Man
//Start Top Left Man: Memory Address 576
//Start Row 1
00000000
00000000
00000000
00000000
00000000
00000000
00011100
00011100

00011100
00011100
00011100
00011100
00011100
00011100
00011100
00011100

00011100
00011100
00000000
00000000
00000000
00000000
00000000
00000000
//End Row 1
//Start Row 2
00000000
00000000
00000000
00000000
00000000
00000000
00011100
00011100

00011100
00011100
00011100
00011100
00011100
00011100
00011100
00011100

00011100
00011100
00000000
00000000
00000000
00000000
00000000
00000000
//End Row 2
//Start row 3
00000000
00000000
00000000
00000000
00000000
00000000
00011100
00011100

00011100
00011100
00011100
00011100
00011100
00011100
00011100
00011100

00011100
00011100
00000000
00000000
00000000
00000000
00000000
00000000
//End Row 3
//Start Row 4
00000000
00000000
00000000
00000000
00000000
00000000
00011100
00011100

00011100
00011100
00011100
00011100
00011100
00011100
00011100
00011100

00011100
00011100
00000000
00000000
00000000
00000000
00000000
00000000
//End Row 4
//Start Row 5
00000000
00000000
00000000
00011100
00011100
00011100
00000011
00000011

00000011
00011100
00011100
00011100
00011100
00011100
00011100
00000011

00000011
00000011
00011100
00011100
00011100
00000000
00000000
00000000
//End Row 5
//Start Row 6
00000000
00000000
00000000
00011100
00011100
00011100
00000011
00000011

00000011
00011100
00011100
00011100
00011100
00011100
00011100
00000011

00000011
00000011
00011100
00011100
00011100
00000000
00000000
00000000
//End Row 6
//Start Row 7
00000000
00000000
00000000
00011100
00011100
00011100
00011100
00011100

00000011
00011100
00011100
00011100
00011100
00011100
00011100
00000011

00000011
00000011
00011100
00011100
00011100
00000000
00000000
00000000
//End Row 7
//Start Row 8
00000000
00000000
00000000
00011100
00011100
00011100
00011100
00011100

00011100
11100000
11111111
11100000
11100000
11111111
11100000
00011100

00011100
00011100
00011100
00011100
00011100
00000000
00000000
00000000
//End Row 8
//End Top Left Man
//Start Center Left Man: Memory Address 768
//Start Row 1
00000000
00000000
00000000
00000000
00000000
00000000
00011100
00011100

00011100
11100000
11100000
11100000
11100000
11100000
11100000
00011100

00011100
00011100
00000000
00000000
00000000
00000000
00000000
00000000
//End Row 1
//Start Row 2
00000000
00000000
00000000
00000000
00000000
00000000
00011100
00011100

00011100
11100000
11100000
11100000
11100000
11100000
11100000
00011100

00011100
00011100
00000000
00000000
00000000
00000000
00000000
00000000
//End Row 2
//Start Row 3
00000000
00000000
00000000
00000000
00000000
00000000
00011100
00011100

00011100
00011100
00011100
00011100
00011100
00011100
00011100
00011100

00011100
00011100
00000000
00000000
00000000
00000000
00000000
00000000
//End Row 3
//Start Row 4
00000000
00000000
00000000
00000000
00000000
00000000
00000000
00000000

00000000
00011100
00011100
00011100
00011100
00011100
00011100
00000000

00000000
00000000
00000000
00000000
00000000
00000000
00000000
00000000
//End Row 4
//Start Row 5
00000000
00000000
00000000
00000000
00000000
00000000
00000000
00000000

00000000
00011100
00011100
00011100
00011100
00011100
00011100
00000000

00000000
00000000
00000000
00000000
00000000
00000000
00000000
00000000
//End Row 5
//Start Row 6
00000000
00000000
00000000
00000000
00000000
00000000
00000000
00000000

00000000
00011100
00011100
00011100
00011100
00011100
00011100
00000000

00000000
00000000
00000000
00000000
00000000
00000000
00000000
00000000
//End Row 6
//Start Row 7
11111111
11111111
11111111
11111111
11111111
11111111
11111111
11111111

00000000
00011100
00011100
00011100
00011100
00011100
00011100
00011100

00011100
00011100
00011100
00011100
00011100
00011100
00011100
00011100
//End Row 7
//Start Row 8
11111111
11111111
11111111
11111111
11111111
11111111
11111111
11111111

00000000
00011100
00011100
00011100
00011100
00011100
00011100
00011100

00011100
00011100
00011100
00011100
00011100
00011100
00011100
00011100
//End Row 8
//End Left Man Center
//Start Left Man Bottom: Memory Address 960
//Start Row 1
00000000
00000000
00000000
00000000
00000000
00000000
00000000
00000000

00000000
00011100
00011100
00011100
00011100
00011100
00011100
00011100

00011100
00011100
00011100
00011100
00011100
00011100
00011100
00011100
//End Row 1
//Start Row 2
00000000
00000000
00000000
00000000
00000000
00000000
00000000
00000000

00000000
00011100
00011100
00011100
00011100
00011100
00011100
00000000

00000000
00000000
00000000
00000000
00000000
00000000
00000000
00000000
//End Row 2
//Start Row 3
00000000
00000000
00000000
00000000
00000000
00000000
00000000
00000000

00000000
00011100
00011100
00011100
00011100
00011100
00011100
00000000

00000000
00000000
00000000
00000000
00000000
00000000
00000000
00000000
//End Row 3
//Start Row 4
00000000
00000000
00000000
00000000
00000000
00000000
00000000
00000000

00000000
00011100
00011100
00011100
00011100
00011100
00011100
00000000

00000000
00000000
00000000
00000000
00000000
00000000
00000000
00000000
//End Row 4
//Start Row 5
00000000
00000000
00000000
00000000
00000000
00000000
00000000
00000000

00000000
00011100
00011100
00011100
00011100
00011100
00011100
00000000

00000000
00000000
00000000
00000000
00000000
00000000
00000000
00000000
//End Row 5
//Start Row 6
00000000
00000000
00000000
00000000
00000000
00000000
00000000
00000000

00000000
00011100
00011100
00011100
00011100
00011100
00011100
00000000

00000000
00000000
00000000
00000000
00000000
00000000
00000000
00000000
//End Row 6
//Start Row 7
00000000
00000000
00000000
00000000
00000000
00000000
00000000
00000000

00000000
00011100
00011100
00011100
00011100
00011100
00011100
00000000

00000000
00000000
00000000
00000000
00000000
00000000
00000000
00000000
//End Row 7
//Start Row 8
00000000
00000000
00000000
00011100
00011100
00011100
00011100
00011100

00011100
00000000
00000000
00000000
00000000
00000000
00000000
00011100

00011100
00011100
00011100
00011100
00011100
00000000
00000000
00000000
//End Row 8
//End Left Man Bottom
//Music Note: Memory Address 1152
11111111
11111111
11111111
11111111
11111111
00000000
00000000
00000000

11111111
11111111
11111111
11111111
11111111
00000000
11111111
11111111

11111111
11111111
11111111
11111111
11111111
00000000
11111111
11111111

11111111
11111111
11111111
11111111
11111111
00000000
11111111
11111111

11111111
00000000
00000000
00000000
11111111
00000000
11111111
11111111

00000000
00000000
00000000
00000000
00000000
00000000
11111111
11111111

00000000
00000000
00000000
00000000
00000000
00000000
11111111
11111111

11111111
00000000
00000000
00000000
11111111
11111111
11111111
11111111
//End Memory Address 1215